1
0.953306
0.817585
0.605511
0.33689
0.0368072
-0.266713
-0.545325
-0.77301
-0.928506
-0.99729
-0.97294
-0.857729
-0.662416
-0.405241
-0.110222
0.19509
0.482184
0.724247
0.898674
0.989177
0.987301
0.893224
0.715731
0.471397
0.18304
-0.122411
-0.41643
-0.671559
-0.863973
-0.975702
-0.996313
-0.92388
-0.765167
-0.534998
-0.254866
0.0490677
0.348419
0.615232
0.824589
0.95694
0.999925
0.949528
0.810457
0.595699
0.32531
0.0245412
-0.27852
-0.55557
-0.780737
-0.932993
-0.998118
-0.970031
-0.851355
-0.653173
-0.393992
-0.0980171
0.207111
0.492898
0.732654
0.903989
0.990903
0.985278
0.88764
0.707107
0.460539
0.170962
-0.134581
-0.427555
-0.680601
-0.870087
-0.978317
-0.995185
-0.919114
-0.757209
-0.52459
-0.24298
0.0613207
0.359895
0.62486
0.83147
0.960431
0.999699
0.945607
0.803208
0.585798
0.313682
0.0122715
-0.290285
-0.565732
-0.788346
-0.937339
-0.998795
-0.966976
-0.844854
-0.643832
-0.382683
-0.0857973
0.219101
0.503538
0.740951
0.909168
0.99248
0.983105
0.881921
0.698376
0.449611
0.158858
-0.14673
-0.438616
-0.689541
-0.87607
-0.980785
-0.993907
-0.91421
-0.749136
-0.514103
-0.231058
0.0735646
0.371317
0.634393
0.838225
0.963776
0.999322
0.941544
0.795837
0.575808
0.302006
-2.45599e-016
-0.302006
-0.575808
-0.795837
-0.941544
-0.999322
-0.963776
-0.838225
-0.634393
-0.371317
-0.0735646
0.231058
0.514103
0.749136
0.91421
0.993907
0.980785
0.87607
0.689541
0.438616
0.14673
-0.158858
-0.449611
-0.698376
-0.881921
-0.983105
-0.99248
-0.909168
-0.740951
-0.503538
-0.219101
0.0857973
0.382683
0.643832
0.844854
0.966976
0.998795
0.937339
0.788346
0.565732
0.290285
-0.0122715
-0.313682
-0.585798
-0.803208
-0.945607
-0.999699
-0.960431
-0.83147
-0.62486
-0.359895
-0.0613207
0.24298
0.52459
0.757209
0.919114
0.995185
0.978317
0.870087
0.680601
0.427555
0.134581
-0.170962
-0.460539
-0.707107
-0.88764
-0.985278
-0.990903
-0.903989
-0.732654
-0.492898
-0.207111
0.0980171
0.393992
0.653173
0.851355
0.970031
0.998118
0.932993
0.780737
0.55557
0.27852
-0.0245412
-0.32531
-0.595699
-0.810457
-0.949528
-0.999925
-0.95694
-0.824589
-0.615232
-0.348419
-0.0490677
0.254866
0.534998
0.765167
0.92388
0.996313
0.975702
0.863973
0.671559
0.41643
0.122411
-0.18304
-0.471397
-0.715731
-0.893224
-0.987301
-0.989177
-0.898674
-0.724247
-0.482184
-0.19509
0.110222
0.405241
0.662416
0.857729
0.97294
0.99729
0.928506
0.77301
0.545325
0.266713
-0.0368072
-0.33689
-0.605511
-0.817585
-0.953306
-1
-0.953306
-0.817585
-0.605511
-0.33689
-0.0368072
0.266713
0.545325
0.77301
0.928506
0.99729
0.97294
0.857729
0.662416
0.405241
0.110222
-0.19509
-0.482184
-0.724247
-0.898674
-0.989177
-0.987301
-0.893224
-0.715731
-0.471397
-0.18304
0.122411
0.41643
0.671559
0.863973
0.975702
0.996313
0.92388
0.765167
0.534998
0.254866
-0.0490677
-0.348419
-0.615232
-0.824589
-0.95694
-0.999925
-0.949528
-0.810457
-0.595699
-0.32531
-0.0245412
0.27852
0.55557
0.780737
0.932993
0.998118
0.970031
0.851355
0.653173
0.393992
0.0980171
-0.207111
-0.492898
-0.732654
-0.903989
-0.990903
-0.985278
-0.88764
-0.707107
-0.460539
-0.170962
0.134581
0.427555
0.680601
0.870087
0.978317
0.995185
0.919114
0.757209
0.52459
0.24298
-0.0613207
-0.359895
-0.62486
-0.83147
-0.960431
-0.999699
-0.945607
-0.803208
-0.585798
-0.313682
-0.0122715
0.290285
0.565732
0.788346
0.937339
0.998795
0.966976
0.844854
0.643832
0.382683
0.0857973
-0.219101
-0.503538
-0.740951
-0.909168
-0.99248
-0.983105
-0.881921
-0.698376
-0.449611
-0.158858
0.14673
0.438616
0.689541
0.87607
0.980785
0.993907
0.91421
0.749136
0.514103
0.231058
-0.0735646
-0.371317
-0.634393
-0.838225
-0.963776
-0.999322
-0.941544
-0.795837
-0.575808
-0.302006
-6.36863e-015
0.302006
0.575808
0.795837
0.941544
0.999322
0.963776
0.838225
0.634393
0.371317
0.0735646
-0.231058
-0.514103
-0.749136
-0.91421
-0.993907
-0.980785
-0.87607
-0.689541
-0.438616
-0.14673
0.158858
0.449611
0.698376
0.881921
0.983105
0.99248
0.909168
0.740951
0.503538
0.219101
-0.0857973
-0.382683
-0.643832
-0.844854
-0.966976
-0.998795
-0.937339
-0.788346
-0.565732
-0.290285
0.0122715
0.313682
0.585798
0.803208
0.945607
0.999699
0.960431
0.83147
0.62486
0.359895
0.0613207
-0.24298
-0.52459
-0.757209
-0.919114
-0.995185
-0.978317
-0.870087
-0.680601
-0.427555
-0.134581
0.170962
0.460539
0.707107
0.88764
0.985278
0.990903
0.903989
0.732654
0.492898
0.207111
-0.0980171
-0.393992
-0.653173
-0.851355
-0.970031
-0.998118
-0.932993
-0.780737
-0.55557
-0.27852
0.0245412
0.32531
0.595699
0.810457
0.949528
0.999925
0.95694
0.824589
0.615232
0.348419
0.0490677
-0.254866
-0.534998
-0.765167
-0.92388
-0.996313
-0.975702
-0.863973
-0.671559
-0.41643
-0.122411
0.18304
0.471397
0.715731
0.893224
0.987301
0.989177
0.898674
0.724247
0.482184
0.19509
-0.110222
-0.405241
-0.662416
-0.857729
-0.97294
-0.99729
-0.928506
-0.77301
-0.545325
-0.266713
0.0368072
0.33689
0.605511
0.817585
0.953306
1
0.953306
0.817585
0.605511
0.33689
0.0368072
-0.266713
-0.545325
-0.77301
-0.928506
-0.99729
-0.97294
-0.857729
-0.662416
-0.405241
-0.110222
0.19509
0.482184
0.724247
0.898674
0.989177
0.987301
0.893224
0.715731
0.471397
0.18304
-0.122411
-0.41643
-0.671559
-0.863973
-0.975702
-0.996313
-0.92388
-0.765167
-0.534998
-0.254866
0.0490677
0.348419
0.615232
0.824589
0.95694
0.999925
0.949528
0.810457
0.595699
0.32531
0.0245412
-0.27852
-0.55557
-0.780737
-0.932993
-0.998118
-0.970031
-0.851355
-0.653173
-0.393992
-0.0980171
0.207111
0.492898
0.732654
0.903989
0.990903
0.985278
0.88764
0.707107
0.460539
0.170962
-0.134581
-0.427555
-0.680601
-0.870087
-0.978317
-0.995185
-0.919114
-0.757209
-0.52459
-0.24298
0.0613207
0.359895
0.62486
0.83147
0.960431
0.999699
0.945607
0.803208
0.585798
0.313682
0.0122715
-0.290285
-0.565732
-0.788346
-0.937339
-0.998795
-0.966976
-0.844854
-0.643832
-0.382683
-0.0857973
0.219101
0.503538
0.740951
0.909168
0.99248
0.983105
0.881921
0.698376
0.449611
0.158858
-0.14673
-0.438616
-0.689541
-0.87607
-0.980785
-0.993907
-0.91421
-0.749136
-0.514103
-0.231058
0.0735646
0.371317
0.634393
0.838225
0.963776
0.999322
0.941544
0.795837
0.575808
0.302006
2.00883e-014
-0.302006
-0.575808
-0.795837
-0.941544
-0.999322
-0.963776
-0.838225
-0.634393
-0.371317
-0.0735646
0.231058
0.514103
0.749136
0.91421
0.993907
0.980785
0.87607
0.689541
0.438616
0.14673
-0.158858
-0.449611
-0.698376
-0.881921
-0.983105
-0.99248
-0.909168
-0.740951
-0.503538
-0.219101
0.0857973
0.382683
0.643832
0.844854
0.966976
0.998795
0.937339
0.788346
0.565732
0.290285
-0.0122715
-0.313682
-0.585798
-0.803208
-0.945607
-0.999699
-0.960431
-0.83147
-0.62486
-0.359895
-0.0613207
0.24298
0.52459
0.757209
0.919114
0.995185
0.978317
0.870087
0.680601
0.427555
0.134581
-0.170962
-0.460539
-0.707107
-0.88764
-0.985278
-0.990903
-0.903989
-0.732654
-0.492898
-0.207111
0.0980171
0.393992
0.653173
0.851355
0.970031
0.998118
0.932993
0.780737
0.55557
0.27852
-0.0245412
-0.32531
-0.595699
-0.810457
-0.949528
-0.999925
-0.95694
-0.824589
-0.615232
-0.348419
-0.0490677
0.254866
0.534998
0.765167
0.92388
0.996313
0.975702
0.863973
0.671559
0.41643
0.122411
-0.18304
-0.471397
-0.715731
-0.893224
-0.987301
-0.989177
-0.898674
-0.724247
-0.482184
-0.19509
0.110222
0.405241
0.662416
0.857729
0.97294
0.99729
0.928506
0.77301
0.545325
0.266713
-0.0368072
-0.33689
-0.605511
-0.817585
-0.953306
-1
-0.953306
-0.817585
-0.605511
-0.33689
-0.0368072
0.266713
0.545325
0.77301
0.928506
0.99729
0.97294
0.857729
0.662416
0.405241
0.110222
-0.19509
-0.482184
-0.724247
-0.898674
-0.989177
-0.987301
-0.893224
-0.715731
-0.471397
-0.18304
0.122411
0.41643
0.671559
0.863973
0.975702
0.996313
0.92388
0.765167
0.534998
0.254866
-0.0490677
-0.348419
-0.615232
-0.824589
-0.95694
-0.999925
-0.949528
-0.810457
-0.595699
-0.32531
-0.0245412
0.27852
0.55557
0.780737
0.932993
0.998118
0.970031
0.851355
0.653173
0.393992
0.0980171
-0.207111
-0.492898
-0.732654
-0.903989
-0.990903
-0.985278
-0.88764
-0.707107
-0.460539
-0.170962
0.134581
0.427555
0.680601
0.870087
0.978317
0.995185
0.919114
0.757209
0.52459
0.24298
-0.0613207
-0.359895
-0.62486
-0.83147
-0.960431
-0.999699
-0.945607
-0.803208
-0.585798
-0.313682
-0.0122715
0.290285
0.565732
0.788346
0.937339
0.998795
0.966976
0.844854
0.643832
0.382683
0.0857973
-0.219101
-0.503538
-0.740951
-0.909168
-0.99248
-0.983105
-0.881921
-0.698376
-0.449611
-0.158858
0.14673
0.438616
0.689541
0.87607
0.980785
0.993907
0.91421
0.749136
0.514103
0.231058
-0.0735646
-0.371317
-0.634393
-0.838225
-0.963776
-0.999322
-0.941544
-0.795837
-0.575808
-0.302006
-3.38079e-014
0.302006
0.575808
0.795837
0.941544
0.999322
0.963776
0.838225
0.634393
0.371317
0.0735646
-0.231058
-0.514103
-0.749136
-0.91421
-0.993907
-0.980785
-0.87607
-0.689541
-0.438616
-0.14673
0.158858
0.449611
0.698376
0.881921
0.983105
0.99248
0.909168
0.740951
0.503538
0.219101
-0.0857973
-0.382683
-0.643832
-0.844854
-0.966976
-0.998795
-0.937339
-0.788346
-0.565732
-0.290285
0.0122715
0.313682
0.585798
0.803208
0.945607
0.999699
0.960431
0.83147
0.62486
0.359895
0.0613207
-0.24298
-0.52459
-0.757209
-0.919114
-0.995185
-0.978317
-0.870087
-0.680601
-0.427555
-0.134581
0.170962
0.460539
0.707107
0.88764
0.985278
0.990903
0.903989
0.732654
0.492898
0.207111
-0.0980171
-0.393992
-0.653173
-0.851355
-0.970031
-0.998118
-0.932993
-0.780737
-0.55557
-0.27852
0.0245412
0.32531
0.595699
0.810457
0.949528
0.999925
0.95694
0.824589
0.615232
0.348419
0.0490677
-0.254866
-0.534998
-0.765167
-0.92388
-0.996313
-0.975702
-0.863973
-0.671559
-0.41643
-0.122411
0.18304
0.471397
0.715731
0.893224
0.987301
0.989177
0.898674
0.724247
0.482184
0.19509
-0.110222
-0.405241
-0.662416
-0.857729
-0.97294
-0.99729
-0.928506
-0.77301
-0.545325
-0.266713
0.0368072
0.33689
0.605511
0.817585
0.953306
