-0.0406624
-0.0309227
-0.0605774
0.031325
0.0600192
0.0672739
0.0591067
0.000244459
-0.0305454
-0.0515818
-0.0778393
-0.107428
-0.0465341
0.0301576
-0.0512841
-0.00422584
0.00274683
0.0101691
0.0603919
0.0730026
-0.0243757
-0.0206969
-0.0837926
-0.0163199
0.035473
0.024821
-0.0361723
-0.0944605
-0.0438218
-0.0301766
-0.0831103
-0.137823
-0.0255158
-0.0217615
-0.00547008
0.0435719
0.0867252
0.0829914
0.140035
0.0240324
0.0636954
0.0329981
0.0352468
0.0813529
0.101627
0.0654903
0.0992698
0.156196
0.149877
0.0602755
-0.0223019
0.100366
0.125828
0.0740823
0.152901
0.184618
0.191038
0.232598
0.147617
0.0879461
0.00808415
-0.0301493
0.097091
0.013094
-0.0208967
0.0321738
0.0296047
-0.00274355
-0.00448691
0.00252528
0.0117418
0.0298837
0.0640217
0.102493
0.142792
0.106546
0.0821038
0.148023
0.138111
0.0911695
0.1198
0.0603697
0.0430204
0.038391
-0.0312615
0.0872157
0.0887072
0.0384465
0.0574032
0.119352
0.00925425
0.0414511
-0.00261728
0.0366264
0.112232
0.079953
0.0206676
-0.0304092
0.00469158
0.00501742
-0.0297041
-0.04737
-0.0329146
0.0552696
0.0618534
0.0719037
-0.0353701
-0.00406156
0.0738826
0.013419
0.0764216
0.0455356
0.0386616
0.102231
0.135661
0.0609977
0.035311
-0.00526213
0.0796178
0.109849
-0.00214233
0.0158883
0.090317
0.120461
0.028571
0.0444986
-0.042256
-0.00792756
-0.0587503
0.0253713
0.111013
0.107163
0.0291381
-0.0310363
-0.0664487
-0.0660568
-0.0913907
-0.0869308
-0.116248
-0.129258
-0.0454825
-0.0568631
-0.0916841
-0.0880447
-0.0665564
-0.109046
0.00304299
-0.0420358
0.0195699
-0.0892716
-0.0548408
0.0198799
0.0026305
-0.0566656
0.00538173
-0.0733581
-0.0394525
0.0430122
-0.0333192
-0.0463996
-0.0597327
-0.0629731
-0.00901035
-0.103361
-0.00504274
0.00971566
0.0790223
0.1083
0.00946226
-0.0316952
-0.0769903
-0.0451797
0.00720655
0.0306375
0.102867
0.047608
0.000322658
0.0526857
0.0880522
0.0936533
0.0473527
0.0875189
0.0826366
-0.00414806
0.0327695
0.0656479
0.0160831
-0.046987
0.0592235
0.0409968
0.0597676
0.013429
0.0489714
0.117399
0.163827
0.1489
0.107289
0.0173029
0.0201053
0.0667572
0.137987
0.0277148
-0.00291418
0.0480798
-0.0131063
-0.055103
-0.100138
-0.0134162
0.052822
0.118764
0.143369
0.153822
0.160304
0.131889
0.184331
0.0671577
-0.00350755
0.0437855
0.0753654
0.115579
0.0891369
0.114255
0.0611973
0.0427879
-0.0154495
0.0186561
0.0511184
0.0329093
-0.0225812
-0.015198
0.0605354
0.0604317
0.114379
0.113253
0.0644666
0.0361611
0.0144224
0.0364742
0.0411293
-0.00606972
-0.0333996
0.0300076
0.00137061
0.0350379
0.0211679
-0.030127
-0.00995177
-0.0693884
-0.114149
-0.0223288
-0.0497337
-0.0368802
-0.0489813
-0.0252561
-0.0585994
-0.0330898
-0.111496
-0.0777693
-0.141788
-0.124103
-0.0288892
-0.0996955
-0.0398747
-0.0479375
-0.00205436
0.0579317
0.0892989
0.0878007
-0.0185553
-0.0512137
-0.0288182
0.0633613
0.122803
0.110698
0.142179
0.0979519
0.115737
0.0221697
-0.00527946
0.0115916
-0.0683312
-0.0732791
-0.0293112
-0.0959243
-0.0764055
0.000445769
0.0287139
0.0448464
0.113166
0.0217967
-0.0485606
-0.106594
-0.123732
-0.0467397
-0.0244551
-0.111488
-0.0529553
0.0349081
0.0355194
-0.0318519
-0.0689048
-0.0845713
-0.132033
-0.05738
0.00817399
-0.0938312
-0.0530374
-0.116301
-0.0652947
-0.0816609
-0.103225
-0.107637
-0.0700006
-0.101742
0.000394107
0.0176647
-0.0622479
-0.00353875
0.0287769
0.0253893
0.0782114
0.0254887
-0.0190358
-0.043216
-0.019349
0.0341074
0.102073
0.136154
0.143304
0.00912305
-0.0297852
0.063525
-0.000140089
-0.0187644
0.000902091
-0.0573413
0.0184718
0.0876119
-0.00526252
0.0230627
0.108589
0.0970837
0.095081
0.133061
0.142884
0.0526162
0.111297
0.0089826
-0.0247293
0.00116748
0.0237596
-0.0642526
0.0426735
0.0763222
0.0648512
0.0675941
0.00729383
-0.0598744
-0.0269911
0.0287557
0.102131
0.0769601
0.0477536
0.107956
0.0708172
0.117553
0.173445
0.0427088
-0.0126864
0.047954
0.12778
0.101545
0.0757498
0.0559109
0.0349485
0.125621
0.143817
0.105886
0.144227
0.0397412
0.0699401
0.0935043
0.0584415
0.0581139
0.0492723
-0.00545333
0.010813
0.0473298
0.00366952
0.0612358
0.077948
0.119261
0.166513
0.0630073
0.146482
0.199451
0.224399
0.203957
0.192967
0.236946
0.186981
0.206543
0.198062
0.242653
0.191111
0.203816
0.199216
0.192756
0.11432
0.182466
0.111517
0.0718987
0.0596877
0.0886328
0.0848129
0.0923115
0.0496941
0.11301
0.179902
0.147525
0.118688
0.148007
0.0663905
0.10627
0.174686
0.157171
0.170962
0.11336
0.119853
0.136865
0.190319
0.100574
0.145341
0.191089
0.154933
0.227233
0.115458
0.0565167
0.0814993
0.104443
0.14769
0.212187
0.235976
0.162331
0.0835876
0.0574601
0.00256887
0.0562152
0.0431453
0.0983789
0.105709
0.167895
0.0977306
0.083781
0.112036
0.0828483
0.0505317
0.100265
0.0538979
0.0543692
0.136823
0.182631
0.208231
0.118909
0.197363
0.20086
0.146147
0.150011
0.127626
0.062456
0.0230983
0.0750073
0.100207
0.173675
0.0676984
0.111375
0.121077
0.0757927
0.0832531
0.162408
0.0452843
0.0604074
0.0782177
0.112519
0.0448928
-0.00196678
0.0794477
0.0330883
0.116577
0.0980787
0.14356
0.079189
0.0732948
0.088162
-0.00564941
0.0095905
0.0537227
0.0296252
0.0746642
0.123088
0.0293122
0.0881041
0.14567
0.0757033
0.00845557
0.103705
0.140137
0.167615
0.220438
0.098357
0.0313543
0.119807
0.163966
0.135176
0.0931014
0.0534575
0.0316107
0.091727
0.0473509
0.0368174
0.084637
0.0373344
0.128035
0.0485093
0.0435208
-0.0024377
0.047725
0.099366
0.0672793
0.141937
0.0698916
0.0386752
0.102062
0.0978644
0.149304
0.0691898
0.155856
0.0383279
0.0233585
0.116786
0.0845726
0.0951665
0.0458084
0.037011
0.0706232
0.0823631
0.0270829
0.0230345
0.0322963
0.0550441
0.14003
0.134817
0.189628
0.118907
0.159734
0.214025
0.216535
0.0972247
0.0422279
0.0694278
0.0630529
0.0991285
0.106201
0.0160705
0.0661218
0.153299
0.0948786
0.144175
0.0339555
0.116432
0.124221
0.0636488
0.135383
0.0838523
0.0660807
0.105262
0.0968713
0.0924871
0.157011
0.084142
0.0775386
0.162598
0.148431
0.0443487
0.0350689
0.0138443
-0.0367606
0.0336065
0.0030749
-0.037641
0.0737627
0.057612
0.102062
0.165109
0.12753
0.0897054
0.1395
0.189065
0.189086
0.128263
0.131675
0.196912
0.0951881
0.173148
0.202985
0.189674
0.237496
0.212147
0.263946
0.181678
0.16655
0.15935
0.191735
0.18508
0.254152
0.175395
0.184397
0.199824
0.0960361
0.196396
0.177308
0.0891127
0.106644
0.164034
0.0818273
0.0950968
0.134486
0.0645132
0.0206982
-0.02682
-0.0193814
-0.0406094
-0.0809184
0.0620084
0.123182
0.174091
0.18166
0.126924
0.0754093
0.00598801
0.0621867
0.00453755
0.0840863
-0.00966017
0.0218017
0.122719
0.173791
0.0648627
0.153351
0.0989488
0.0794017
0.122597
0.157194
0.0551659
0.0223599
-0.0322469
-0.0257545
0.0839323
0.145334
0.113939
0.0671807
0.102415
0.0645817
0.0488109
0.0242391
-0.0456239
-0.0143468
-0.0377011
-0.0911222
-0.0811837
0.0475007
0.0781622
0.0456629
0.0129376
-0.0479472
-0.048965
0.0521282
-0.0125662
-0.0153143
-0.0573371
0.02425
-0.00475604
0.00541143
-0.0103582
-0.0559714
-0.106604
-0.0203683
-0.0973744
-0.0860717
-0.113503
-0.000477212
-0.0808382
-0.0037664
0.0295097
-0.0182227
-0.091694
-0.0831559
-0.142199
-0.049412
-0.00229106
-0.0118321
-0.0264076
-0.004944
-0.0218002
0.0353987
-0.00294651
-0.0511763
-0.0955314
-0.0261009
-0.0838032
-0.101148
0.00760433
0.0472648
0.0801007
-0.016806
0.0394793
0.0555744
0.0483769
0.0376901
0.0159343
0.067437
0.0189877
0.0612566
0.125762
0.131791
0.152878
0.15496
0.0581348
0.0755415
0.0248093
0.0362126
0.127828
0.0166001
0.0901963
0.102886
0.0967687
0.014613
0.108998
0.0933671
0.11712
0.0951079
0.0278501
0.04016
0.102664
-0.00157872
-0.0527473
0.0274647
-0.0614497
0.0383934
0.0988304
0.00301197
0.0493681
-0.0171009
0.0228858
0.102128
0.0503092
-0.00887394
-0.0358927
0.0700767
0.0643288
0.0537487
-0.0372184
0.0349249
0.0901789
0.0100435
0.102184
0.116877
0.126683
0.0556515
0.0953198
0.147249
0.14566
0.150834
0.105608
0.183479
0.0781958
0.118915
0.1131
0.0113199
0.0856101
0.0281149
0.102686
0.0452645
0.00450701
0.0335155
0.012267
0.0570232
0.018932
0.100589
0.144534
0.0921913
0.00743036
-0.0230528
0.0927086
0.00529053
0.0395732
0.00709161
-0.063927
-0.026607
-0.0555637
-0.0584686
0.00559821
0.0258997
-0.061368
-0.0388124
-0.0106432
0.04383
-0.0343154
-0.0473519
0.0275166
0.0147245
0.0883663
0.145114
0.178263
0.119494
0.0857561
0.0019619
-0.0482171
0.0173607
0.103947
0.0540739
0.0141445
0.0753083
0.0356398
0.075288
0.0948839
0.144338
0.0185163
0.0304304
0.127044
0.0950602
0.0593998
0.0956953
-0.0044904
0.0727126
0.0276328
0.0774712
-0.0165527
0.0922277
-0.0110488
0.0617404
0.0793286
-0.0063261
-0.0684623
-0.0783994
-0.0379191
-0.0274961
-0.00991682
-0.0346977
-0.0210518
-0.0991579
0.0155595
-0.0737248
0.0048373
-0.00383858
-0.0950405
-0.0437863
-0.1108
-0.0359201
-0.0913235
-0.0456437
-0.0848824
-0.0547732
-0.0644963
-0.141934
-0.0195839
0.0191798
-0.061682
-0.0908097
0.013239
0.00176955
0.0405762
-0.0425941
0.0600846
0.0102433
0.0614381
0.0665501
-0.00264073
0.0844489
0.0844562
-0.00721703
-0.00547123
0.0195931
-0.0274838
-0.0998956
-0.109749
-0.130501
-0.0802311
-0.0627695
-0.126021
-0.0316486
-0.0193932
-0.0407086
-0.117089
-0.117808
-0.113364
-0.1353
-0.0449496
-0.029781
-0.127196
-0.0889885
0.00299217
0.00530515
-0.039247
0.0294051
0.0851727
-0.00582421
0.00418099
0.0769831
0.0901074
0.0708788
0.118722
0.0894806
0.132133
0.103627
0.067575
-0.00538995
-0.0593552
-0.0341818
-0.0421293
-0.0126169
0.0769643
-0.0435442
-0.0712805
-0.0524465
-0.083263
-0.0538157
-0.0848822
-0.0406039
-0.0754665
0.00904712
-0.0173634
0.040529
0.00258589
-0.0184134
0.016299
0.0126616
0.0465982
-0.0132954
0.0554182
0.00848203
-0.0511168
-0.075929
-0.108402
0.010026
0.0783065
0.0810184
0.00891761
-0.0616473
-0.00714596
0.0678443
0.0794367
-0.0349639
0.0706373
0.0637838
0.0187297
0.0763216
0.0119722
0.0990596
-0.0133797
0.0259205
-0.0549462
-0.0158493
-0.00357225
-0.042727
-0.0354401
0.0656435
0.0169722
-0.0519122
0.016417
0.017413
0.0491163
-0.0377613
-0.0518098
-0.00720508
-0.0352727
0.0588733
-0.0518242
-0.0295909
-0.0902848
-0.076873
-0.0140028
-0.0592797
0.0347973
0.0163532
0.0115855
-0.0148127
0.0407543
0.0434446
-0.00896743
-0.0125738
-0.000529896
-0.0797461
0.0407078
-0.0190124
0.0141227
0.043647
0.0497525
0.0435013
-0.0108363
0.0811549
0.0526697
0.06531
0.0735333
-0.0126857
0.0329504
0.0462005
-0.0134327
0.00651884
0.0199463
0.0490301
0.0377862
-0.0120977
0.0632675
0.00607829
-0.066298
0.0469745
0.00563568
0.0555183
0.0571233
0.0729501
-0.00795225
0.0632252
0.0347322
