-0.224418
-0.0384991
-0.221946
0.396237
0.265557
0.204398
0.0927305
-0.222465
-0.219474
-0.221458
-0.274102
-0.327723
0.129322
0.384945
-0.30752
0.182913
0.0637379
0.0910215
0.321833
0.225944
-0.380154
-0.0686209
-0.419126
0.188284
0.274163
0.0652943
-0.273095
-0.406552
0.0698111
0.0216529
-0.303095
-0.441282
0.370479
0.0636158
0.139454
0.324427
0.396878
0.20333
0.495361
-0.362972
0.203085
-0.101856
0.0333415
0.266839
0.248375
-0.0397809
0.247368
0.441557
0.221122
-0.290277
-0.478881
0.477355
0.270806
-0.0962706
0.466613
0.388516
0.304529
0.471801
-0.157399
-0.243614
-0.495727
-0.410855
0.459716
-0.360012
-0.278954
0.119404
-0.0222327
-0.191702
-0.0978271
-0.0427717
0.00218207
0.0764336
0.208274
0.303064
0.385342
0.0265053
-0.0243995
0.400418
0.139241
-0.10567
0.180715
-0.232444
-0.134114
-0.0963012
-0.437101
0.454436
0.111469
-0.171163
0.0616932
0.356105
-0.449675
0.0669729
-0.275719
0.11449
0.405759
0.00151067
-0.259392
-0.361141
0.0128941
-0.0620594
-0.238792
-0.223106
-0.0691397
0.39285
0.154775
0.167287
-0.490356
0.0179296
0.36111
-0.194662
0.318476
-0.0599841
-0.00358592
0.352718
0.341731
-0.201804
-0.133381
-0.277673
0.34875
0.259606
-0.455046
-0.0296487
0.343562
0.294977
-0.329463
0.0255593
-0.498901
-0.00489822
-0.376217
0.288263
0.496124
0.209677
-0.265007
-0.370632
-0.369686
-0.21041
-0.317591
-0.178823
-0.33462
-0.285974
0.236106
-0.068865
-0.233177
-0.116474
0.00349437
-0.290521
0.465484
-0.139698
0.333522
-0.497345
0.0428938
0.337275
0.0348064
-0.276971
0.246879
-0.383572
0.0649586
0.406644
-0.256829
-0.121235
-0.153615
-0.109882
0.209891
-0.473937
0.365719
0.137928
0.480651
0.376308
-0.287591
-0.24868
-0.357204
-0.00608844
0.213187
0.190146
0.497223
-0.0640126
-0.181631
0.238578
0.285211
0.195761
-0.103565
0.246849
0.0896786
-0.375484
0.0930357
0.178854
-0.183767
-0.38638
0.410703
-0.00181585
0.160421
-0.183096
0.165456
0.423185
0.467925
0.196036
-0.0231483
-0.417875
-0.10683
0.168905
0.447111
-0.399472
-0.236595
0.143025
-0.313837
-0.349086
-0.446226
0.214896
0.338771
0.496857
0.380276
0.316492
0.269524
0.0625172
0.416135
-0.409574
-0.437407
0.0587329
0.138783
0.275079
-0.007828
0.196951
-0.187277
-0.120014
-0.380642
0.0224464
0.115192
-0.0654164
-0.326807
-0.102252
0.310602
0.0894345
0.370174
0.167898
-0.119984
-0.146992
-0.169942
0.038377
0.0120396
-0.256127
-0.256432
0.197439
-0.138722
0.140706
-0.0518967
-0.286431
-0.0195166
-0.389767
-0.432157
0.23986
-0.167074
-0.00447096
-0.124928
0.0558641
-0.208884
0.0448775
-0.47232
-0.0208289
-0.472106
-0.136921
0.340693
-0.323176
0.206748
-0.0336772
0.246452
0.408689
0.376644
0.221732
-0.398831
-0.266411
-0.0213477
0.45294
0.493103
0.209738
0.370113
-0.00712607
0.208823
-0.379757
-0.227775
-0.0346233
-0.485748
-0.244316
0.0483566
-0.423948
-0.0936766
0.284234
0.217917
0.194601
0.491272
-0.259087
-0.386441
-0.490875
-0.35342
0.167684
0.0867794
-0.465819
0.12215
0.434507
0.168569
-0.246635
-0.262902
-0.226066
-0.408475
0.178182
0.32873
-0.440672
0.0797906
-0.396268
0.109516
-0.141102
-0.187857
-0.156362
0.0886105
-0.204062
0.465941
0.22393
-0.285913
0.247459
0.246696
0.118488
0.392148
-0.0886105
-0.189108
-0.193442
0.0393841
0.274804
0.487091
0.433866
0.324641
-0.486847
-0.297693
0.358364
-0.2434
-0.147023
0.0199133
-0.337947
0.273217
0.42822
-0.305292
0.110248
0.489319
0.162221
0.152242
0.339015
0.258873
-0.293451
0.297815
-0.447356
-0.292199
-0.0327006
0.062273
-0.487945
0.393674
0.250633
0.0898312
0.0954466
-0.251244
-0.440977
-0.0247658
0.212485
0.462554
0.0687735
-0.0442976
0.353267
-0.0402997
0.320643
0.464232
-0.446745
-0.369564
0.154408
0.450468
0.05562
-0.0314493
-0.0808893
-0.124287
0.45175
0.274377
-0.0102695
0.287469
-0.418027
0.0781426
0.121754
-0.119312
-0.0228431
-0.0595569
-0.325129
-0.0483871
0.12215
-0.214225
0.237388
0.150166
0.32342
0.425779
-0.318384
0.437773
0.461058
0.427763
0.182943
0.156087
0.406766
-0.0143284
0.232322
0.11388
0.389279
-0.0511338
0.174764
0.0970946
0.0883053
-0.334407
0.303919
-0.290521
-0.262017
-0.202994
0.0449995
-0.050737
0.0218055
-0.241752
0.256676
0.428709
0.039201
-0.0573595
0.183157
-0.358058
0.126301
0.385464
0.0882748
0.188742
-0.189169
0.0232704
0.102283
0.358547
-0.31634
0.205344
0.312647
-0.0169225
0.466979
-0.386868
-0.369472
-0.0378582
0.061449
0.244346
0.463775
0.369808
-0.147053
-0.382382
-0.272423
-0.453398
0.0603504
-0.145802
0.224754
0.0848262
0.405545
-0.207175
-0.0741142
0.112018
-0.113025
-0.206015
0.1816
-0.21984
-0.0619373
0.390072
0.397275
0.365719
-0.248558
0.437193
0.202231
-0.112629
0.050676
-0.074572
-0.355861
-0.352138
0.0901669
0.103626
0.440275
-0.394436
0.165365
0.0743584
-0.183828
-0.0175024
0.413327
-0.483398
-0.035905
0.0149388
0.186148
-0.308924
-0.348628
0.252983
-0.222434
0.385037
0.0106052
0.314905
-0.215659
-0.0468307
0.0427107
-0.496948
-0.116199
0.110096
-0.135823
0.187368
0.308588
-0.368862
0.229514
0.362514
-0.200278
-0.382351
0.360622
0.285211
0.320002
0.48294
-0.386227
-0.402036
0.30752
0.315119
0.016007
-0.154714
-0.247581
-0.226615
0.201651
-0.211325
-0.123554
0.173452
-0.219352
0.426878
-0.302423
-0.0811029
-0.330226
0.127277
0.260643
-0.0656911
0.417936
-0.225059
-0.184866
0.256859
0.0567797
0.345576
-0.278405
0.442015
-0.49176
-0.191641
0.367885
-0.059801
0.079638
-0.234611
-0.123981
0.100452
0.07799
-0.266686
-0.118061
-0.0430158
0.0749992
0.474273
0.168264
0.455443
-0.146718
0.281457
0.431944
0.274804
-0.434233
-0.373745
-0.0318766
-0.0986816
0.139088
0.0731376
-0.448943
0.110462
0.452391
-0.132191
0.293573
-0.486602
0.322901
0.105976
-0.233726
0.324427
-0.170827
-0.111713
0.158132
0.00477615
0.00379955
0.367794
-0.241447
-0.0596484
0.425993
0.0961486
-0.456175
-0.191702
-0.253624
-0.424894
0.147816
-0.210349
-0.325678
0.419309
-0.00126652
0.283807
0.459563
0.0363628
-0.0966674
0.28103
0.398984
0.231193
-0.140461
0.0499435
0.400449
-0.359859
0.37878
0.294977
0.134205
0.401517
0.0993835
0.441404
-0.196554
-0.0313578
-0.0276955
0.203238
0.0653859
0.471892
-0.199698
0.0907468
0.133961
-0.464354
0.411863
0.013535
-0.404721
-0.04326
0.251122
-0.364345
-0.0325785
0.150166
-0.334834
-0.361049
-0.464568
-0.230979
-0.330164
-0.449217
0.493133
0.404355
0.475127
0.292505
-0.0773797
-0.228904
-0.448393
0.104846
-0.356838
0.287103
-0.480438
0.00660726
0.460265
0.450438
-0.358943
0.442686
-0.153645
-0.077868
0.196982
0.277764
-0.41525
-0.279717
-0.469817
-0.207816
0.407163
0.431394
0.0360576
-0.164144
0.157002
-0.154225
-0.119037
-0.203482
-0.490631
-0.0768303
-0.268731
-0.461028
-0.221305
0.494385
0.272881
-0.0289773
-0.1545
-0.394375
-0.197043
0.392758
-0.266137
-0.0881832
-0.324305
0.28518
-0.129841
0.0248268
-0.117725
-0.3052
-0.444945
0.222922
-0.452818
-0.130207
-0.320704
0.428159
-0.378384
0.30459
0.215049
-0.142781
-0.444426
-0.151082
-0.486084
0.252586
0.229606
0.0375835
-0.0570849
0.0999023
-0.0725578
0.296991
-0.110797
-0.262047
-0.36874
0.18508
-0.334254
-0.232475
0.420103
0.320704
0.348201
-0.334773
0.253227
0.158528
0.0748772
0.00877407
-0.0804926
0.266198
-0.1592
0.21981
0.433927
0.259239
0.317255
0.230338
-0.337245
0.0509812
-0.272301
-0.0202795
0.458586
-0.427305
0.312006
0.147481
0.0858943
-0.378964
0.409299
0.0290689
0.219596
-0.0116428
-0.308283
-0.0398724
0.29638
-0.467193
-0.420499
0.196188
-0.498566
0.343989
0.368984
-0.346644
0.170827
-0.339717
0.104755
0.416929
-0.108905
-0.304834
-0.272515
0.423399
0.0777459
0.0269326
-0.472106
0.222983
0.313013
-0.289972
0.438932
0.228202
0.225059
-0.237205
0.197012
0.355159
0.189261
0.18862
-0.0961791
0.4635
-0.367122
0.186514
0.019425
-0.498352
0.224815
-0.292596
0.318506
-0.236717
-0.268944
0.0123753
-0.159413
0.161336
-0.182333
0.389035
0.366024
-0.0741447
-0.418058
-0.317652
0.447966
-0.368007
0.0938902
-0.203513
-0.467132
-0.0356304
-0.272057
-0.176931
0.199881
0.123707
-0.432127
-0.0469832
0.0503403
0.282769
-0.335749
-0.17214
0.279534
-0.00300607
0.427519
0.48645
0.460784
-0.0234535
-0.0635548
-0.436155
-0.426084
0.126209
0.444304
-0.101367
-0.190848
0.258538
-0.136799
0.204001
0.177572
0.387753
-0.491516
-0.0397504
0.45941
0.00953703
-0.116077
0.18395
-0.478393
0.273461
-0.210746
0.230125
-0.464202
0.454344
-0.468627
0.284295
0.127644
-0.371334
-0.480071
-0.300226
-0.0105441
-0.0376751
0.0293741
-0.162557
-0.0133824
-0.484222
0.408017
-0.436888
0.289636
-0.0266274
-0.484558
0.0598621
-0.437315
0.202353
-0.329646
0.110736
-0.259819
0.0485092
-0.111499
-0.491272
0.4223
0.274346
-0.306452
-0.250389
0.421018
0.045793
0.281335
-0.335597
0.487854
-0.125477
0.31872
0.147572
-0.245659
0.421079
0.158559
-0.36288
-0.0831782
0.0657826
-0.24807
-0.497162
-0.303674
-0.346339
0.0389874
-0.000778222
-0.394467
0.319208
0.099292
-0.061388
-0.446776
-0.202628
-0.156514
-0.257958
0.31814
0.127583
-0.472991
0.0224769
0.423002
0.156056
-0.132466
0.35815
0.440458
-0.256432
0.0467696
0.411069
0.261589
0.0844295
0.378903
0.0480514
0.358943
0.0429548
-0.0743889
-0.380551
-0.425596
-0.0860775
-0.159749
0.0525987
0.464538
-0.48703
-0.278741
-0.0841548
-0.267266
0.00346385
-0.243065
0.109699
-0.218345
0.365719
-0.0576952
0.340999
-0.0849483
-0.0847957
0.149556
0.036607
0.222007
-0.22393
0.333247
-0.147206
-0.326472
-0.284661
-0.348445
0.436705
0.463561
0.245415
-0.215293
-0.404263
0.125355
0.399869
0.232017
-0.468261
0.454405
0.0895871
-0.131428
0.295557
-0.230766
0.445311
-0.456816
0.118793
-0.458403
0.0523545
-0.00178533
-0.221397
-0.0732597
0.48468
-0.106708
-0.347804
0.225394
0.0435652
0.213553
-0.383419
-0.191275
0.108051
-0.155995
0.450774
-0.462401
0.00251778
-0.408811
-0.104144
0.206748
-0.211539
0.433256
0.0297098
0.0460372
-0.113819
0.279778
0.112201
-0.190603
-0.0672781
0.0227821
-0.442412
0.483062
-0.217429
0.159871
0.190085
0.143849
0.0570544
-0.229148
0.438597
-0.000381481
0.148885
0.129322
-0.372524
0.142109
0.0879696
-0.270074
0.0192419
0.0442061
0.174886
0.0133213
-0.234825
0.332545
-0.211936
-0.430784
0.420743
-0.13332
0.271203
0.0995972
0.181417
-0.343776
0.306818
-0.0775018
